TS:  30, skip: 1, cv: 0, model: TCN+BiLSTM, sensor: Temp, classes: 2, BatchSize:  32, Val Accuracy: 0.49579832, Accuracy: 0.50746269, f1: 0.46272646, precision: 0.52896486, recall: 0.51814036 
TS:  30, skip: 1, cv: 0, model: TCN+BiLSTM, sensor: GSR, classes: 2, BatchSize:  32, Val Accuracy: 0.63865546, Accuracy: 0.65174129, f1: 0.64923215, precision: 0.65214761, recall: 0.64958366 
TS:  30, skip: 1, cv: 0, model: TCN+BiLSTM, sensor: RR, classes: 2, BatchSize:  32, Val Accuracy: 0.51260504, Accuracy: 0.51243781, f1: 0.40003655, precision: 0.49344629, recall: 0.49796788 
